1.22, ...
1.20, 0.65
1.18, 0.654 
1.20, 0.635
1.20, 0.627 
1.1763, 0.6536
1.1565, 0.678
1.1622, 0.657
1.1509. 0.6795
1.2133, 0.6345
1.2022, 0.64
1.1772, 0.6581
1.1637, 0.6482

//New Arch with moumentum gradiant
Error    Accuracy    Iteration    Lr
2.8418   0.104       1000         0.01
2.8287   0.088       1000         0.01
2.7992   0.096       3000         ----
2.7912   0.093       5000         ----
2.6979   0.110       2000         ----
2.0200   0.306       2000         ----
1.5390   0.458       1000         ----
1.4870   0.468       1000         0.001
1.4622   0.461       1000         0.0001
1.4383   0.494       1000         0.00001   
 
  
  
  


